% Model:              brazing.mph
% Version:            COMSOL 5.3.0.223
% Date:               Oct 22 2018, 00:14
% Dimension:          1
% Nodes:              161
% Expressions:        1
% Description:        Line graph
% x                       Height
0                         577.9385292144229
1.9693985890610136E-4     577.8893341422689
3.9298030043864816E-4     577.8538650667109
5.884188308682271E-4      577.8321219877488
7.835557095112735E-4      577.8241049053826
9.786925881542028E-4      577.8298138196122
0.0011741311185834375     577.849248730438
0.0013701715601154056     577.8824096378595
0.0015671114190207022     577.9292965418771
0.0017642608961497635     577.6959424572875
0.0019605081241513326     577.4597809941475
0.0021561515411346144     577.2208121524571
0.002351492352702621      576.9790359322164
0.0025468331642698894     576.7344523334253
0.0027424765812509564     576.4870613560838
0.0029387238092488436     576.2368630001919
0.0031358732863727766     575.9838572657496
0.0033326885608882563     575.6328032010239
0.0035286060983021257     575.2862440159676
0.0037239228519497995     574.9441797105806
0.003918938519653848      574.6066102848629
0.004113954187357973      574.2735357388146
0.004309270941005876      573.9449560724356
0.004505188478420127      573.6208712857259
0.004702003752936137      573.3012813786856
0.004899138702461749      572.9722968523425
0.005095371599302965      572.6582449804381
0.005291000816927052      572.3591257629724
0.005486327495291825      572.0749391999456
0.005681654173656831      571.8056852913575
0.0058772833912816074     571.5513640372083
0.0060735162881239745     571.3119754374978
0.006270651237651189      571.0875194922261
0.006467582778148322      570.9205384466411
0.006663615013526554      570.7843605484721
0.006859045413116663      570.6789857977194
0.0070541741987231454     570.6044141943828
0.007249302984329781      570.5606457384624
0.007444733383920351      570.5476804299582
0.007640765619299351      570.5655182688702
0.007837697159797551      570.6141592551983
0.008034634474091872      570.6028202659162
0.008230672405352359      570.6267140039055
0.008426108448549354      570.6858404691661
0.008621242851524007      570.780199661698
0.008816377254498534      570.9097915815013
0.009011813297695145      571.0746162285759
0.009207851228955002      571.274673602922
0.00940478854324844       571.5099637045394
0.00960192671152544       571.8067865997917
0.00979816278359587       572.117252628839
0.009993795147248338      572.441361791681
0.010189124956984269      572.7791140883177
0.010384454766719743      573.1305095187491
0.010580087130370853      573.4955480829753
0.010776323202439026      573.8742297809964
0.01097346137071288       574.2665546128122
0.011170281912174305      574.617794541575
0.011366204645540166      574.9788274284901
0.011561526547508357      575.3496532735572
0.011756547339625332      575.7302720767766
0.011951568131742307      576.120683838148
0.0121468900337105        576.5208885576716
0.012342812767076368      576.9308862353472
0.0125396333085378        577.350676871175
0.012736771215691979      577.6213434685177
0.012933007030171178      577.891517528546
0.013128639138602195      578.1611990512603
0.013323968694306592      578.4303880366602
0.013519298250011432      578.6990844847461
0.013714930358443784      578.9672883955176
0.0139111661729252        579.234999768975
0.014108304080082462      579.5022186051181
0.014305241249097643      579.4914908204323
0.014501279037039759      579.4869217569544
0.014696714938233999      579.4885114146841
0.014891849199866372      579.4962597936217
0.015086983461498874      579.5101668937668
0.015282419362693495      579.5302327151198
0.01547845715063625       579.5564572576804
0.015675394319652317      579.5888405214488
0.015872325504405583      579.2255268319985
0.01606835738884011       578.8706172251613
0.016263787440706973      578.5241117009365
0.016458915880206496      578.1860102593247
0.016654044319705866      577.8563129003255
0.016849474371572262      577.5350196239392
0.017045506256006017      577.2221304301656
0.017242437440758204      576.9176453190048
0.01743957168037589       576.3894575276645
0.017635803876907424      575.8527769009019
0.01783143240066149       575.307603438717
0.018026758388388308      574.75393714111
0.01822208437611492       574.1917780080807
0.01841771289986836       573.6211260396292
0.018613945096398854      573.0419812357553
0.018811079336015085      572.4543435964592
0.019007894687321662      571.834797293506
0.01920381230049143       571.2167172839978
0.019399129129200405      570.6001035679348
0.01959414487161704       569.9849561453167
0.01978916061403359       569.3712750161437
0.01998447744274231       568.759060180416
0.020180395055911654      568.1483116381332
0.020377210407217645      567.5390293892956
0.020574360469106157      566.997763480458
0.020770608273960874      566.4750731487482
0.020966252262493188      565.9709583941658
0.021161593642948652      565.4854192167111
0.021356935023404883      565.0184556163839
0.021552579011939476      564.5700675931843
0.021748826816797996      564.1402551471122
0.021945976878691802      563.7290182781677
0.022142917141692885      563.4230334227386
0.022338957981867254      563.1574356388948
0.022534396907280062      562.9322249266357
0.02272953417907009       562.7474012859618
0.02292467145086023       562.6029647168727
0.02312011037627338       562.4989152193688
0.02331615121644832       562.4352527934498
0.023513091479450195      562.4119774391157
0.023710025135207962      562.3474778727417
0.02390605945730262       562.32883577186
0.024101491924457957      562.3560511364703
0.024296622768016963      562.429123966573
0.024491753611575823      562.5480542621679
0.02468718607873073       562.7128420232549
0.024883220400824673      562.9234872498341
0.025080154056581445      563.1799899419055
0.025277299572591536      563.5467686108616
0.025473542893039384      563.9324866738327
0.02566918243840792       564.3371441308188
0.025864519396400307      564.7607409818202
0.026059856354392216      565.2032772268366
0.026255495899759323      565.664752865868
0.026451739220204794      566.1451678989145
0.026648884736211575      566.644522325976
0.02684569473774919       567.1948319449649
0.027041607073256636      567.7497871689993
0.027236918672681274      568.3093879980792
0.027431929210095855      568.8736344322042
0.027626939747510428      569.4425264713747
0.027822251346935042      570.0160641155907
0.028018163682442445      570.594247364852
0.028214973683980002      571.1770762191587
0.028412120943583204      571.7359604326472
0.028608365984047285      572.2841045226539
0.02880400723361381       572.8215084891793
0.02899934588786498       573.348172332223
0.02919468454211669       573.8640960517853
0.029390325791684838      574.3692796478659
0.02958657083215161       574.8637231204651
0.029783718091758563      575.3474264695826
0.029980652759780888      575.6618474306309
0.030176688080480362      575.978973215124
0.030372121537075924      576.2988038230618
0.03056725336547531       576.6213392544445
0.030762385193874833      576.9465795092719
0.030957818650470807      577.2745245875442
0.031153853971170976      577.6051744892611
0.031350788639194264      577.9385292144229
