% Model:              brazing.mph
% Version:            COMSOL 5.3.0.223
% Date:               Oct 23 2018, 13:49
% Dimension:          1
% Nodes:              225
% Expressions:        1
% Description:        Line graph
% x                       Height
0                         618.2643097646377
2.1191841480136804E-4     618.1811209198494
4.2353438892247565E-4     618.0597849341744
6.349689892252786E-4      617.9003018076128
8.463435942227858E-4      617.7026715401644
0.001057779685752053      617.4668941318297
0.001269398639759412      617.192969582608
0.001481321517995422      616.8808978924999
0.0017252358262731596     616.4636610930493
0.0019686866163640313     616.0154722928714
0.0022118589563155885     615.536331491966
0.002454938550168189      615.0262386903335
0.0026981113144448556     614.4851938879735
0.0029415629522145732     613.9131970848861
0.0031854785295931678     613.3102482810713
0.0034450106912723537     612.5723961322391
0.0037039863009040125     611.8025045917885
0.003962627412610827      611.0005736597194
0.0042211569424298        610.1666033360318
0.004479798094906585      609.3005936207259
0.004738773785972872      608.4025445138013
0.004998306069542035      607.4724560152584
0.005274868491808245      606.3945201854045
0.005550758931995686      605.298842580709
0.0058262454501036105     604.1854232011716
0.006101597285810183      603.0542620467927
0.006377084073678616      601.9053591175724
0.006652975052596927      600.7387144135101
0.006929538280995558      599.5543279346064
0.007206101510950518      598.3353648602408
0.007481992491406557      597.1325069551159
0.007757479280801014      595.9457542192315
0.00803283111802884       594.775106652588
0.008308317637660222      593.6205642551852
0.008584208079380276      592.4821270270229
0.008860770503195153      591.3597949681014
0.009120302815147717      590.3097733122567
0.00937927853441616       589.2994468855678
0.009637919714987194      588.3288156880345
0.009896449272866283      587.3978797196572
0.010155090412673047      586.506638980436
0.010414066050518256      585.6550934703703
0.01067359824059789       584.8432431894605
0.010917512776055054      584.1041286291344
0.011160965100129169      583.4149255497848
0.011404139717480647      582.7756339514116
0.01164722176512739       582.1862538340149
0.011890396591516505      581.6467851975949
0.012133849333188814      581.1572280421511
0.012377764493855997      580.717582367684
0.01258968694000722       580.3760794449254
0.012801305803204788      580.0743538226853
0.013012742322906452      579.8124055009639
0.013224118052332232      579.5902344797609
0.01343555464954572       579.4078407590765
0.013647173667633327      579.2652243389105
0.013859096345786744      579.1623852192631
0.014071014760598048      579.1152282786933
0.014282630734729056      579.1069234292396
0.01449406533504172       579.1374706709023
0.014705439940049088      579.2068700036812
0.014916876031588231      579.3151214275766
0.015128494985605482      579.462224942588
0.015340417863851432      579.6481805487159
0.01558433217214941       579.8776228465085
0.015827782962260412      580.1648003830277
0.016070955302232025      580.5097131582734
0.016314034896104664      580.9123611722455
0.0165572076604014        581.3727444249444
0.01680065929819124       581.8908629163694
0.01704457487559009       582.4667166465213
0.01730410703726679       583.0954935891345
0.017563082646895985      583.7629383187448
0.01782172375860034       584.4690508353517
0.018080253288416847      585.2138311389555
0.01833889444089119       585.9972792295564
0.018597870131955005      586.8193951071538
0.018857402415521692      587.6801787717482
0.019133964837753384      588.6110660902978
0.019409855277906563      589.5589410200504
0.019685341795980367      590.523803561006
0.019960693631652874      591.5056537131647
0.0202361804194872        592.5044914765266
0.020512071398371242      593.5203168510914
0.020788634626735362      594.5531298368593
0.02106519785666259       595.5727939278581
0.021341088837091095      596.5797399260017
0.021616575626458134      597.5739678312904
0.02189192746365859       598.5554776437237
0.022167413983262562      599.5242693633026
0.02244330442495508       600.4803429900257
0.022719866848742224      601.4236985238941
0.022979399160698737      602.226666251079
0.023238374879971102      603.0060952212376
0.023497016060546046      603.7619854343698
0.023755545618429033      604.4943368904756
0.02401418675823971       605.2031495895554
0.024273162396088833      605.8884235316086
0.024532694586172417      606.5501587166357
0.02477660912165014       607.1080280516835
0.02502006144574469       607.633252698055
0.025263236063116538      608.1258326557498
0.025506318110783622      608.585767924768
0.025749492937193107      609.01305850511
0.02599294567888585       609.407704396775
0.026236860839573585      609.7697055997636
0.026448783285734738      610.0349269439788
0.02666040214894219       610.2809711162192
0.026871838668653707      610.5078381164849
0.027083214398089334      610.7155279447758
0.027294650995312687      610.9040406010921
0.027506270013410168      611.0733760854333
0.02771819269157351       611.2235343978
0.02793011110637494       611.2933778086317
0.028141727080496122      611.3427674597524
0.028353161680798985      611.3717033511618
0.028564536285796558      611.3801854828603
0.028775972377325904      611.368213854848
0.028987591331333325      611.3357884671243
0.029199514209569403      611.2829093196897
0.02944342851784522       611.0974915493318
0.02968687930793418       610.8722064960275
0.02993005164788383       610.6070541597766
0.030173131241734534      610.3020345405793
0.0304163040060093        609.9571476384355
0.0306597556437771        609.572393453345
0.030903671221153783      609.1477719853082
0.031163203382828072      608.5485687359677
0.03142217899245488       607.9053584382767
0.03168082010415685       607.2181410922352
0.03193934963397098       606.4869166978434
0.032197990786442934      605.7116852551013
0.03245696647750436       604.8924467640086
0.032716498761068635      604.0292012245656
0.03299306118333142       602.9534142127043
0.03326895162351545       601.8562608385678
0.03354443814161999       600.7377411021563
0.03381978997732317       599.5978550034696
0.034095276765188226      598.436602542508
0.03437116774410313       597.253983719271
0.03464773097249833       596.0499985337591
0.034924294202460265      594.7937121343539
0.03520018518292322       593.5549510659124
0.03547567197232456       592.3337153284347
0.035751023809559274      591.1300049219209
0.036026510329197556      589.9438198463711
0.036302400770924524      588.7751601017846
0.03657896319474637       587.6240256881623
0.036838495506703706      586.5493460451966
0.03709747122597688       585.5246616214162
0.037356112406552636      584.549972416821
0.03761464196443644       583.6252784314112
0.03787328310424792       582.750579665187
0.03813225874209787       581.9258761181478
0.03839179093218227       581.1511677902942
0.03863570546763781       580.4511017537511
0.038879157791710306      579.8129700163978
0.03912233240906017       579.236772578234
0.03936541445670531       578.72250943926
0.039608589283092806      578.2701805994758
0.039852042024763494      577.879786058881
0.04009595718542905       577.551325817476
0.040307879631580334      577.2987117008677
0.04051949849477797       577.0954929855984
0.0407309350144797        576.9416696716683
0.040942310743905544      576.8372417590775
0.04115374734111909       576.782209247826
0.04136536635920676       576.7765721379135
0.04157728903736024       576.8203304293404
0.04178920745215007       576.9191578031456
0.042000823426259694      577.0658373343775
0.042212258026551035      577.2603690230362
0.04242363263153709       577.5027528691217
0.0426350687230549        577.7929888726342
0.042846687677050764      578.1310770335732
0.04305861055527523       578.5170173519391
0.04330252486354604       578.9845530041654
0.043545975653630026      579.5176298926513
0.04378914799357473       580.1162480173965
0.044032227587420474      580.7804073784014
0.04427540035169028       581.510107975666
0.04451885198945311       582.3053498091899
0.044762767566824783      583.1661328789735
0.045022299728516735      584.1106633039748
0.04528127533816108       585.0990983228539
0.045539916449880535      586.1314379356108
0.045798445979712124      587.2076821422456
0.046057087132201545      588.3278309427585
0.04631606282328052       589.4918843371489
0.046575595106862454      590.6998423254174
0.04685215752913061       591.9942503224543
0.04712804796931999       593.3092175298884
0.04740353448742985       594.6447439477198
0.04767888632313835       596.0008295759484
0.04795437311100872       597.3774744145746
0.048230264089928976      598.7746784635976
0.048506827318329566      600.1924417230182
0.04878339054829114       601.549998170068
0.049059281528753745      602.8864471105337
0.04933476831815475       604.2017885444154
0.0496101201553891        605.4960224717128
0.04988560667502701       606.7691488924265
0.05016149711675364       608.0211678065558
0.050438059540575134      609.2520792141011
0.05069759185254397       610.2533046523298
0.05095656757182859       611.209291074562
0.05121520875241573       612.1200384807971
0.05147373831031092       612.9855468710358
0.051732379450133786      613.805816245278
0.05199135508799517       614.5808466035231
0.05225088727809108       615.3106379457716
0.0524948018135407        615.8847709760056
0.052738254137607306      616.4024746072799
0.05298142875495131       616.8637488395946
0.05322451080259058       617.2685936729496
0.0534676856289722        617.6170091073453
0.05371113837063701       617.9089951427809
0.05395505353129665       618.1445517792571
0.05416697597743634       618.2842186337572
0.054378594840622414      618.3830326312991
0.05459003136031263       618.440993771883
0.05480140708972696       618.4581020555087
0.05501284368692898       618.4343574821766
0.0552244627050051        618.369760051886
0.05543638538314697       618.2643097646377
