% Model:              brazing.mph
% Version:            COMSOL 5.3.0.223
% Date:               Oct 23 2018, 13:27
% Dimension:          1
% Nodes:              161
% Expressions:        1
% Description:        Line graph
% x                       Height
0                         609.8144589782905
1.9693985890610136E-4     609.7802417048603
3.9298030043864816E-4     609.7568849903486
5.884188308682271E-4      609.7443888347558
7.835557095112735E-4      609.7427532380817
9.786925881542028E-4      609.7519782003264
0.0011741311185834375     609.7720637214899
0.0013701715601154056     609.803009801572
0.0015671114190207022     609.8448164405729
0.0017642608961497635     609.6087183145225
0.0019605081241513326     609.3694537291315
0.0021561515411346144     609.1270226843991
0.002351492352702621      608.8814251803259
0.0025468331642698894     608.6326612169116
0.0027424765812509564     608.3807307941564
0.0029387238092488436     608.1256339120602
0.0031358732863727766     607.8673705706229
0.0033326885608882563     607.5050631887456
0.0035286060983021257     607.1479751706314
0.0037239228519497995     606.7961065162805
0.003918938519653848      606.4494572256928
0.004113954187357973      606.1080272988681
0.004309270941005876      605.771816735807
0.004505188478420127      605.4408255365088
0.004702003752936137      605.1150537009739
0.004899138702461749      604.7733020066158
0.005095371599302965      604.4479669334371
0.005291000816927052      604.1390484814375
0.005486327495291825      603.8465466506173
0.005681654173656831      603.5704614409763
0.0058772833912816074     603.3107928525144
0.0060735162881239745     603.067540885232
0.006270651237651189      602.8407055391287
0.006467582778148322      602.6650896048409
0.006663615013526554      602.5217655568936
0.006859045413116663      602.4107333952867
0.0070541741987231454     602.3319931200205
0.007249302984329781      602.2855447310948
0.007444733383920351      602.2713882285096
0.007640765619299351      602.289523612265
0.007837697159797551      602.3399508823611
0.008034634474091872      602.3351603829426
0.008230672405352359      602.3666283328386
0.008426108448549354      602.4343547320486
0.008621242851524007      602.5383395805729
0.008816377254498534      602.6785828784115
0.009011813297695145      602.8550846255644
0.009207851228955002      603.0678448220315
0.00940478854324844       603.3168634678128
0.00960192671152544       603.6217375316484
0.00979816278359587       603.9415913465795
0.009993795147248338      604.2764249126063
0.010189124956984269      604.6262382297288
0.010384454766719743      604.991031297947
0.010580087130370853      605.3708041172607
0.010776323202439026      605.7655566876703
0.01097346137071288       606.1752890091755
0.011170281912174305      606.5390826782962
0.011366204645540166      606.9129314561494
0.011561526547508357      607.2968353427352
0.011756547339625332      607.6907943380536
0.011951568131742307      608.0948084421045
0.0121468900337105        608.508877654888
0.012342812767076368      608.933001976404
0.0125396333085378        609.3671814066524
0.012736771215691979      609.6461445141184
0.012933007030171178      609.9243252717341
0.013128639138602195      610.2017236794995
0.013323968694306592      610.4783397374147
0.013519298250011432      610.7541734454795
0.013714930358443784      611.0292248036939
0.0139111661729252        611.303493812058
0.014108304080082462      611.5769804705718
0.014305241249097643      611.5707362373923
0.014501279037039759      611.5680971132974
0.014696714938233999      611.5690630982875
0.014891849199866372      611.5736341923621
0.015086983461498874      611.5818103955214
0.015282419362693495      611.5935917077654
0.01547845715063625       611.6089781290943
0.015675394319652317      611.6279696595078
0.015872325504405583      611.2645394726942
0.01606835738884011       610.9064301469875
0.016263787440706973      610.5536416823878
0.016458915880206496      610.206174078895
0.016654044319705866      609.864027336509
0.016849474371572262      609.5272014552299
0.017045506256006017      609.1956964350579
0.017242437440758204      608.8695122759927
0.01743957168037589       608.3216419141143
0.017635803876907424      607.764702542533
0.01783143240066149       607.1986941612486
0.018026758388388308      606.6236167702613
0.01822208437611492       606.0394703695711
0.01841771289986836       605.4462549591778
0.018613945096398854      604.8439705390817
0.018811079336015085      604.2326171092827
0.019007894687321662      603.583273184817
0.01920381230049143       602.9362573346567
0.019399129129200405      602.2915695588019
0.01959414487161704       601.6492098572525
0.01978916061403359       601.0091782300084
0.01998447744274231       600.3714746770696
0.020180395055911654      599.7360991984362
0.020377210407217645      599.1030517941083
0.020574360469106157      598.5319866526014
0.020770608273960874      597.9815453916415
0.020966252262493188      597.451728011228
0.021161593642948652      596.9425345113617
0.021356935023404883      596.4539648920421
0.021552579011939476      595.9860191532694
0.021748826816797996      595.5386972950434
0.021945976878691802      595.1119993173643
0.022142917141692885      594.785126628136
0.022338957981867254      594.5009509431526
0.022534396907280062      594.2594722624143
0.02272953417907009       594.060690585921
0.02292467145086023       593.9046059136728
0.02312011037627338       593.7912182456695
0.02331615121644832       593.7205275819114
0.023513091479450195      593.6925339223982
0.023710025135207962      593.6279947608108
0.02390605945730262       593.6112626567261
0.024101491924457957      593.6423376101442
0.024296622768016963      593.7212196210648
0.024491753611575823      593.8479086894882
0.02468718607873073       594.0224048154145
0.024883220400824673      594.2447079988433
0.025080154056581445      594.5148182397749
0.025277299572591536      594.8906812285762
0.025473542893039384      595.2876168177162
0.02566918243840792       595.7056250071945
0.025864519396400307      596.1447057970114
0.026059856354392216      596.6048591871667
0.026255495899759323      597.0860851776605
0.026451739220204794      597.5883837684927
0.026648884736211575      598.1117549596635
0.02684569473774919       598.6818810173944
0.027041607073256636      599.257478838855
0.027236918672681274      599.8385484240453
0.027431929210095855      600.425089772965
0.027626939747510428      601.0171028856143
0.027822251346935042      601.6145877619931
0.028018163682442445      602.2175444021016
0.028214973683980002      602.8259728059396
0.028412120943583204      603.4044000414867
0.028608365984047285      603.9720887921603
0.02880400723361381       604.5290390579604
0.02899934588786498       605.0752508388869
0.02919468454211669       605.6107241349398
0.029390325791684838      606.1354589461191
0.02958657083215161       606.649455272425
0.029783718091758563      607.1527131138573
0.029980652759780888      607.4845076048031
0.030176688080480362      607.8165660220658
0.030372121537075924      608.1488883656449
0.03056725336547531       608.4814746355407
0.030762385193874833      608.8143248317532
0.030957818650470807      609.1474389542823
0.031153853971170976      609.4808170031281
0.031350788639194264      609.8144589782905
