% Model:              brazing.mph
% Version:            COMSOL 5.3.0.223
% Date:               Oct 19 2018, 23:25
% Dimension:          1
% Nodes:              145
% Expressions:        1
% Description:        Line graph
% x                       Height
0                         629.1332641043704
1.8037553861809572E-4     629.407838386529
3.5951128344368776E-4     629.6256321468073
5.377561773732229E-4      629.7866453852062
7.154644111300318E-4      629.890878101725
8.929933875627798E-4      629.9383302963638
0.0010707015910786408     629.9290019691229
0.0012489464247083767     629.8628931200018
0.0014280820795340731     629.740003749001
0.0016084574989771061     629.5603338561202
0.0017793134314883058     629.4914862658522
0.0019491114898538484     629.3964886923851
0.002118149876008701      629.2753411357196
0.0022867308232763497     629.1280435958552
0.002455159027530182      628.9545960727918
0.0026237400128558564     628.7549985665298
0.0027927784749207734     628.5292510770688
0.0029625766466419693     628.2773536044091
0.0031334327293582195     627.9993061485507
0.0033042867504275058     627.8162574539801
0.0034740828875811486     627.6274297900726
0.0036431193341009516     627.4328231568286
0.0038116983146850476     627.2324375542479
0.003980124516686077      627.0262729823304
0.004148703455848711      626.8143294410761
0.004317739819749776      626.596606930485
0.004487535833529769      626.3731054505573
0.004658389691119368      626.1438250012928
0.0048387629974717405     626.0164675908027
0.005017896580971026      625.8937265907655
0.005196139373513023      625.7756020011816
0.0053738455543625        625.6620938220508
0.005551372514551955      625.5532020533732
0.005729078726427549      625.4489266951488
0.005907321580834967      625.3492677473774
0.006086455256670912      625.2542252100593
0.006266828685292636      625.1637990831944
0.0064472042239161545     625.3187129645848
0.0066263399687470585     625.4816490477721
0.00680458486268183       625.6526073327567
0.0069822930964438265     625.8315878195384
0.007159822072881748      626.0185905081171
0.007337530276402798      626.2136153984928
0.007515775110037768      626.4166624906657
0.007694910764868775      626.6277317846354
0.007875286184317232      626.8468232804025
0.008046142116827224      627.1305400627585
0.008215940175191578      627.405088760706
0.008384978561345261      627.6704693742453
0.008553559508611747      627.9266819033762
0.008721987712864422      628.1737263480989
0.008890568698188937      628.4116027084132
0.00905960716025268       628.6403109843191
0.009229405331972688      628.8598511758165
0.009400261414687729      629.0702232829059
0.009571115435747398      629.4041427383856
0.009740911572891598      629.7067001978767
0.009909948019402086      629.9778956613793
0.010078526999976944      630.2177291288933
0.010246953201968763      630.4262006004188
0.010415532141122159      630.6033100759558
0.010584568505013912      630.7490575555042
0.010754364518784467      630.863443039064
0.010925218376364454      630.9464665266355
0.011105591682722255      631.115005006167
0.01128472526622686       631.23518547188
0.011462968058774099      631.3070079237747
0.011640674239628768      631.330472361851
0.011818201199823401      631.3055787861086
0.01199590741170419       631.2323271965479
0.012174150266116847      631.1107175931687
0.012353283941958112      630.940749975971
0.012533657370585264      630.722424344955
0.01271403176453574       630.686963244102
0.012893166387683227      630.5946321721555
0.013071410176518557      630.4454311291157
0.013249117315197753      630.2393601149828
0.013426645199902413      629.9764191297563
0.013604352308338922      629.6566081734368
0.01378259603687098       629.2799272460237
0.013961730570013379      628.8463763475172
0.014142104844781908      628.3559554779177
0.014312959944399205      627.9409347801691
0.014482757184992078      627.5004856830935
0.014651794764271453      627.0346081866916
0.014820374911240972      626.543302290963
0.014988802317395246      626.0265679959078
0.01515738250242126       625.4844053015262
0.015326420157607648      624.9168142078179
0.015496217511551624      624.3237947147829
0.015667072761367945      623.7053468224213
0.01583792791479403       623.1710015863442
0.016007725163749622      622.6443588994977
0.01617676270725794       622.1254187618822
0.01634534277588875       621.6141811734976
0.016513770062946447      621.1106461343438
0.01668235009015449       620.6148136444208
0.016851387551041475      620.1266837037288
0.017021184676619543      619.6462563122673
0.017192039666560827      619.1735314700369
0.017372413817338207      618.7865940555355
0.017551548228302124      618.4261972538767
0.017729791836073705      618.0923410650612
0.017907498824762332      617.7850254890886
0.018085026590318725      617.5042505259589
0.018262733610032132      617.2500161756723
0.018440977279666457      617.0223224382285
0.018620111782963036      616.8211693136277
0.018800486056004474      616.64655680187
0.018980860449944497      616.7392458099524
0.019159995073081745      616.864292482036
0.019338238861906984      617.0216968181214
0.01951594600057618       617.2114588182084
0.019693473885270874      617.4335784822966
0.019871180993697383      617.6880558103867
0.020049424722219357      617.9748908024781
0.02022855925535152       618.294083458571
0.0204089335301096        618.6456337786655
0.02057978862980686       619.0645501130219
0.020749585870478253      619.4861077467466
0.020918623449835097      619.91030667984
0.021087203596881453      620.3371469123019
0.021255631003112355      620.7666284441323
0.021424211188215206      621.1987512753312
0.021593248843479067      621.6335154058985
0.021763046197501558      622.0709208358343
0.02193390144739785       622.5109675651386
0.022104756600747556      623.1033934178064
0.02227455384962815       623.6687206032036
0.02244359139306247       624.2069491213305
0.022612171461619885      624.7180789721868
0.022780598748604386      625.2021101557729
0.022949178775739036      625.6590426720883
0.02311821623655202       626.0888765211332
0.023288013362055097      626.4916117029077
0.023458868351919994      626.8672482174119
0.02363924250270423       627.3155352049696
0.023818376913674867      627.7146953313867
0.023996620521453065      628.0647285966633
0.02417432751014825       628.3656350007992
0.02435185527571118       628.6174145437947
0.024529562295431146      628.8200672256496
0.02470780596507209       628.9735930463637
0.024886940468375387      629.0779920059372
0.025067314741423676      629.1332641043704
