% Model:              brazing.mph
% Version:            COMSOL 5.3.0.223
% Date:               Oct 20 2018, 00:42
% Dimension:          1
% Nodes:              145
% Expressions:        1
% Description:        Line graph
% x                       Height
0                         653.5832944215618
1.8037553861809572E-4     653.8568250170684
3.5951128344368776E-4     654.0741882195979
5.377561773732229E-4      654.2353840291506
7.154644111300318E-4      654.3404124457264
8.929933875627798E-4      654.3892734693253
0.0010707015910786408     654.3819670999474
0.0012489464247083767     654.3184933375924
0.0014280820795340731     654.1988521822605
0.0016084574989771061     654.0230436339517
0.0017793134314883058     653.9564264582277
0.0019491114898538484     653.8639927220643
0.002118149876008701      653.745742425462
0.0022867308232763497     653.6016755684205
0.002455159027530182      653.4317921509399
0.0026237400128558564     653.2360921730201
0.0027927784749207734     653.0145756346612
0.0029625766466419693     652.7672425358631
0.0031334327293582195     652.4940928766259
0.0033042867504275058     652.3153346043472
0.0034740828875811486     652.1308387402455
0.0036431193341009516     651.9406052843214
0.0038116983146850476     651.7446342365746
0.003980124516686077      651.542925597005
0.004148703455848711      651.335479365613
0.004317739819749776      651.122295542398
0.004487535833529769      650.9033741273603
0.004658389691119368      650.6787151205
0.0048387629974717405     650.5545107815749
0.005017896580971026      650.4346005771627
0.005196139373513023      650.3189845072638
0.0053738455543625        650.207662571878
0.005551372514551955      650.1006347710054
0.005729078726427549      649.9979011046461
0.005907321580834967      649.8994615727997
0.006086455256670912      649.8053161754666
0.006266828685292636      649.7154649126467
0.0064472042239161545     649.8693606170009
0.0066263399687470585     650.0309469461783
0.00680458486268183       650.2002239001794
0.0069822930964438265     650.3771914790038
0.007159822072881748      650.5618496826517
0.007337530276402798      650.7541985111228
0.007515775110037768      650.9542379644173
0.007694910764868775      651.1619680425355
0.007875286184317232      651.3773887454769
0.008046142116827224      651.6560698081281
0.008215940175191578      651.9256265367658
0.008384978561345261      652.1860589313902
0.008553559508611747      652.4373669920013
0.008721987712864422      652.6795507185991
0.008890568698188937      652.9126101111834
0.00905960716025268       653.1365451697546
0.009229405331972688      653.3513558943122
0.009400261414687729      653.5570422848565
0.009571115435747398      653.8855801070615
0.009740911572891598      654.1831395735876
0.009909948019402086      654.4497206844351
0.010078526999976944      654.6853234396038
0.010246953201968763      654.8899478390939
0.010415532141122159      655.063593882905
0.010584568505013912      655.2062615710374
0.010754364518784467      655.3179509034911
0.010925218376364454      655.3986618802662
0.011105591682722255      655.5633607674616
0.01128472526622686       655.6803160190627
0.011462968058774099      655.7495276350701
0.011640674239628768      655.7709956154833
0.011818201199823401      655.7447199603026
0.01199590741170419       655.670700669528
0.012174150266116847      655.5489377431592
0.012353283941958112      655.3794311811963
0.012533657370585264      655.1621809836396
0.01271403176453574       655.1270415940747
0.012893166387683227      655.03580858862
0.013071410176518557      654.8884819672754
0.013249117315197753      654.6850617300413
0.013426645199902413      654.4255478769171
0.013604352308338922      654.1099404079032
0.01378259603687098       653.7382393229996
0.013961730570013379      653.310444622206
0.014142104844781908      652.8265563055229
0.014312959944399205      652.4172177702902
0.014482757184992078      651.9828988976682
0.014651794764271453      651.5235996876569
0.014820374911240972      651.0393201402566
0.014988802317395246      650.5300602554669
0.01515738250242126       649.9958200332879
0.015326420157607648      649.43659947372
0.015496217511551624      648.8523985767625
0.015667072761367945      648.243217342416
0.01583792791479403       647.7180035872456
0.016007725163749622      647.2003505263215
0.01617676270725794       646.6902581596439
0.01634534277588875       646.1877264872128
0.016513770062946447      645.6927555090281
0.01668235009015449       645.2053452250897
0.016851387551041475      644.7254956353979
0.017021184676619543      644.2532067399522
0.017192039666560827      643.7884785387532
0.017372413817338207      643.408322879978
0.017551548228302124      643.0539990432663
0.017729791836073705      642.7255070286191
0.017907498824762332      642.4228468360359
0.018085026590318725      642.1460184655165
0.018262733610032132      641.8950219170612
0.018440977279666457      641.6698571906695
0.018620111782963036      641.4705242863422
0.018800486056004474      641.2970232040789
0.018980860449944497      641.3893154702001
0.019159995073081745      641.5132241078268
0.019338238861906984      641.6687491169591
0.01951594600057618       641.855890497597
0.019693473885270874      642.0746482497406
0.019871180993697383      642.3250223733897
0.020049424722219357      642.6070128685445
0.02022855925535152       642.9206197352048
0.0204089335301096        643.2658429733707
0.02057978862980686       643.6772663755612
0.020749585870478253      644.0911221471665
0.020918623449835097      644.5074102881872
0.021087203596881453      644.9261307986229
0.021255631003112355      645.3472836784737
0.021424211188215206      645.7708689277396
0.021593248843479067      646.1968865464205
0.021763046197501558      646.6253365345165
0.02193390144739785       647.0562188920276
0.022104756600747556      647.6397718235041
0.02227455384962815       648.1966330904037
0.02244359139306247       648.7268026927264
0.022612171461619885      649.2302806304723
0.022780598748604386      649.7070669036412
0.022949178775739036      650.1571615122333
0.02311821623655202       650.5805644562483
0.023288013362055097      650.9772757356865
0.023458868351919994      651.3472953505477
0.02363924250270423       651.7893461854992
0.023818376913674867      652.1829953970187
0.023996620521453065      652.5282429851062
0.02417432751014825       652.825088949762
0.02435185527571118       653.0735332909858
0.024529562295431146      653.2735760087778
0.02470780596507209       653.4252171031377
0.024886940468375387      653.5284565740657
0.025067314741423676      653.5832944215618
