% Model:              brazing.mph
% Version:            COMSOL 5.3.0.223
% Date:               Oct 20 2018, 02:49
% Dimension:          1
% Nodes:              225
% Expressions:        1
% Description:        Line graph
% x                       Height
0                         646.5461765205624
2.02242572596226E-4       646.5349530457679
4.040113375593453E-4      646.4632615192106
6.054635867748898E-4      646.3311019408906
8.067573541103817E-4      646.1384743108076
0.0010080510467017985     645.8853786289619
0.001209503071861434      645.5718148953533
0.0014112714639836859     645.197783109982
0.001613513515825394      644.7632832728477
0.001815803045808458      644.371283393524
0.0020176184164428694     643.934751679899
0.0022191170764546647     643.4536881319731
0.0024204572175778446     642.9280927497459
0.00262179740518867       642.3579655332177
0.002823296204553664      641.7433064823883
0.0030251118070788686     641.0841155972579
0.003227401660948015      640.3803928778264
0.0034297372965816655     639.6971386134835
0.003631598594156443      638.9787033047979
0.0038331430353414214     638.2250869517698
0.004034528845142556      637.436289554399
0.004235914622467191      636.6123111126856
0.004437458966299354      635.7531516266296
0.004639320101874085      634.8588110962309
0.004841655511239337      633.9292895214897
0.005043918276497792      633.0763359279813
0.005245706959792293      632.2121267921056
0.0054471789681153834     631.3366621138625
0.00564849245128538       630.4499418932523
0.005849805932728159      629.5519661302748
0.006051277935873691      628.6427348249299
0.00625306661055245       627.7222479772178
0.006455329363777148      626.7905055871383
0.0066576887471433525     625.8876419444236
0.0068595736811967985     625.0026184082745
0.007061141707903535      624.1354349786909
0.007262551112883539      623.2860916556729
0.007463960555734714      622.4545884392204
0.007665528695965537      621.6409253293335
0.00786741381892875       620.8451023260122
0.0080697734661485        620.0671194292565
0.008272395437950266      619.3657301627302
0.008474540847339949      618.686937159491
0.008676367906616744      618.0307404195391
0.008878035577337231      617.3971399428744
0.009079703197965442      616.786135729497
0.009281530107084053      616.1977277794069
0.00948367526660416       615.6319160926042
0.009686296889411194      615.0887006690887
0.009888748367913874      614.7380487474766
0.010090724718905934      614.4246048318877
0.010292383720552634      614.148368922322
0.010493883896490891      613.9093410187796
0.010695384145210549      613.7075211212605
0.010897043365029401      613.5429092297645
0.011099020079070253      613.4155053442919
0.011301472064648224      613.3253094648426
0.011503924099142101      613.3329381942815
0.011705900863193036      613.3788348839443
0.011907560133099505      613.462999533831
0.012109060430962503      613.5854321439414
0.012310560654077738      613.7461327142756
0.012512219699917606      613.9451012448338
0.012714196091111104      614.1823377356159
0.012916647604829811      614.4578421866217
0.013119269382981878      614.8748626019803
0.013321414683399362      615.3223023815611
0.013523241722808088      615.8001615253642
0.013724909467002238      616.3084400333894
0.013926577258472442      616.8471379056367
0.014128404439597363      617.4162551421065
0.014330549975836581      618.0157917427982
0.01453317208336263       618.6457477077123
0.014735531766219815      619.3415286991335
0.014937416940401616      620.0497347828828
0.015138985143475461      620.77036595896
0.015340394656791169      621.5034222273656
0.015541804135826716      622.2489035880992
0.015743372236141022      623.006810041161
0.015945257239325793      623.7771415865508
0.01614761668334845       624.5598982242687
0.01634987940592303       625.4494316543378
0.016551668047823844      626.3268065258121
0.016753140015983766      627.1920228386914
0.0169544534601584        628.0450805929761
0.017155766903708087      628.8859797886658
0.017357238869994664      629.7147204257609
0.017559027508778132      630.5313025042609
0.01776129022699866       631.3357260241663
0.017963625484858744      632.1670038967294
0.018165486461237414      632.9743769106553
0.018367030641941378      633.7578450659441
0.018568416255992027      634.5174083625959
0.018769801906169285      635.2530668006106
0.018971346195167795      635.9648203799882
0.019173207351754082      636.6526691007285
0.019375542861313405      637.3166129628319
0.019577832661189145      637.9996973116642
0.019779648217873542      638.6330070118299
0.019981146975907166      639.216542063329
0.020182487123025287      639.7503024661614
0.020383827220813066      640.2342882203272
0.020585325830972126      640.6684993258264
0.020787141141585735      641.052935782659
0.020989430597769934      641.3875975908247
0.021191672662378012      641.8179496787936
0.021393441061935803      642.1874867694761
0.02159489309031221       642.4962088628721
0.021796186783028852      642.7441159589816
0.021997480548535182      642.9312080578047
0.022198932795108938      643.0574851593411
0.022400701557758636      643.1229472635912
0.02260294412950465       643.1275943705548
0.02280539620920995       643.1768726699587
0.023007373018156245      643.1630976547336
0.02320903233274668       643.0862693248797
0.023410532675187733      642.9463876803967
0.023612032942881025      642.7434527212847
0.023813692033404853      642.4774644475441
0.024015668469493705      642.1484228591742
0.024218120028423832      641.7563279561755
0.024420742013481003      641.3811956161845
0.02462288751935683       640.9544058315367
0.02482471476325633       640.4759586022324
0.02502638271145666       639.9458539282712
0.025228050706933344      639.3640918096532
0.025429878092549915      638.7306722463786
0.025632023834248962      638.045595238447
0.025834646148682177      637.308860785859
0.026037006051731277      636.5686513756859
0.026238891444565628      635.7897404453747
0.02644045986526205       634.9721279949254
0.026641869595683754      634.1158140243376
0.02684327929182417       633.2207985336116
0.027044847609757647      632.2870815227476
0.02724673283158932       631.3146629917451
0.027449092495796006      630.3035429406045
0.02765135518998453       629.316554630834
0.027853143803698084      628.3212819899965
0.028054615743803996      627.3177250180919
0.028255929159991804      626.3058837151202
0.028457242575555555      625.2857580810816
0.028658714513790734      624.2573481159758
0.028860503124391312      623.2206538198029
0.029062765814231884      622.1756751925632
0.029265100752448706      621.136626136049
0.02946696141141544       620.1220266723786
0.029668505276199596      619.1318768015519
0.029869890575077548      618.166176523569
0.03007127591008127       617.2249258384298
0.030272819883157453      616.3081247461344
0.03047468072232762       615.4157732466828
0.030677015912237836      614.5478713400747
0.030879305594778746      613.7525481786552
0.03108112103494649       612.9932414889676
0.031282619677010744      612.2699512710118
0.03148395970843373       611.582677524788
0.0316852996905265        610.931420250296
0.031886798184716555      610.316179447536
0.032088613378814135      609.7369551165078
0.03229090271766436       609.1937472572116
0.03249314477533616       608.8260523310828
0.03269491316800606       608.5108788427833
0.03289636518952694       608.2482267923127
0.03309765887540427       608.0380961796715
0.033298952634071295      607.8804870048593
0.033500404873789524      607.7753992678764
0.03370217362955133       607.7228329687226
0.03390441619436107       607.7227881073978
0.03410686840969767       607.8225680044965
0.03430884535332711       607.9751849936493
0.0345105048019665        608.1806390748563
0.034712005278138794      608.4389302481176
0.03491350567956333       608.750058513433
0.03511516490413611       609.1140238708027
0.035317141474908095      609.5308263202265
0.03551959316946952       610.0004658617046
0.035722216260139425      610.6064751291457
0.03592436286389621       611.2528843304991
0.036126191200505704      611.9396934657648
0.03632786023882611       612.666902534943
0.03652952932442421       613.4345115380335
0.036731357802754806      614.2425204750363
0.03693350464234149       615.0909293459515
0.03713612806239678       615.9797381507792
0.03733848789969145       616.9276290478319
0.037540373227224554      617.8952531683959
0.03774194158292153       618.882610512471
0.03794335124849304       619.8897010800574
0.03814476087977932       620.916524871155
0.03834632913270157       621.9630818857638
0.03854821428921239       623.0293721238838
0.038750573887637245      624.1153955855152
0.03895283596123875       625.2638896914333
0.039154623958694366      626.3995305296067
0.039356095285438375      627.5223181000356
0.03955740808971597       628.6322524027196
0.03975872089337115       629.729333437659
0.03996019221824938       630.8135612048536
0.04016198021260023       631.8849357043036
0.04036424228186526       632.9434569360088
0.040566577948397485      633.9894407993394
0.040768439330593605      635.0016736883548
0.04096998391520435       635.9801556030551
0.04117136993220262       636.9248865434403
0.04137275598532357       637.8358665095103
0.04157430067821714       638.7130955012655
0.04177616224060133       639.5565735187052
0.0419784981588055        640.3663005618301
0.04218078754816035       641.160100451197
0.04238260269718259       641.89369982192
0.04258410104946696       642.5670986739992
0.04278544079179545       643.1802970074348
0.04298678048479618       643.7332948222265
0.043188278689213704      644.2260921183746
0.043390093592177985      644.6586888958788
0.04359238263785921       645.0310851547393
0.043794623705544454      645.4512284604235
0.04399639111513442       645.8054412275488
0.04419784215819482       646.0937234561152
0.04439913486792596       646.3160751461226
0.044600427650446826      646.472496297571
0.04480187891170468       646.5629869104604
0.045003646684386715      646.587546984791
0.04520588825921017       646.5461765205624
