% Model:              brazing.mph
% Version:            COMSOL 5.3.0.223
% Date:               Oct 20 2018, 00:15
% Dimension:          1
% Nodes:              161
% Expressions:        1
% Description:        Line graph
% x                       Height
0                         632.8347488550146
1.9693985890610136E-4     632.808766500308
3.9298030043864816E-4     632.7918017649805
5.884188308682271E-4      632.783854649032
7.835557095112735E-4      632.7849251524626
9.786925881542028E-4      632.7950132752723
0.0011741311185834375     632.814119017461
0.0013701715601154056     632.8422423790288
0.0015671114190207022     632.8793833599757
0.0017642608961497635     632.640947402218
0.0019605081241513326     632.3998961031743
0.0021561515411346144     632.156229462845
0.002351492352702621      631.9099474812297
0.0025468331642698894     631.6610501583285
0.0027424765812509564     631.4095374941414
0.0029387238092488436     631.1554094886685
0.0031358732863727766     630.8986661419098
0.0033326885608882563     630.5309888252139
0.0035286060983021257     630.1696942360736
0.0037239228519497995     629.8147823744893
0.003918938519653848      629.4662532404604
0.004113954187357973      629.1241068339874
0.004309270941005876      628.7883431550699
0.004505188478420127      628.4589622037083
0.004702003752936137      628.1359639799024
0.004899138702461749      627.7889793576057
0.005095371599302965      627.4597376174418
0.005291000816927052      627.1482387594102
0.005486327495291825      626.8544827835113
0.005681654173656831      626.578469689745
0.0058772833912816074     626.3201994781111
0.0060735162881239745     626.0796721486099
0.006270651237651189      625.8568877012412
0.006467582778148322      625.6770229120318
0.006663615013526554      625.5301979410833
0.006859045413116663      625.4164127883957
0.0070541741987231454     625.335667453969
0.007249302984329781      625.2879619378033
0.007444733383920351      625.2732962398984
0.007640765619299351      625.2916703602546
0.007837697159797551      625.3430842988716
0.008034634474091872      625.3437099628271
0.008230672405352359      625.3808445271679
0.008426108448549354      625.4544879918936
0.008621242851524007      625.5646403570045
0.008816377254498534      625.7113016225003
0.009011813297695145      625.8944717883813
0.009207851228955002      626.1141508546475
0.00940478854324844       626.3703388212987
0.00960192671152544       626.6743468412919
0.00979816278359587       626.9946253788793
0.009993795147248338      627.3311744340604
0.010189124956984269      627.6839940068354
0.010384454766719743      628.0530840972044
0.010580087130370853      628.4384447051673
0.010776323202439026      628.840075830724
0.01097346137071288       629.2579774738747
0.011170281912174305      629.6238451634738
0.011366204645540166      630.000517824098
0.011561526547508357      630.3879954557472
0.011756547339625332      630.7862780584214
0.011951568131742307      631.1953656321208
0.0121468900337105        631.6152581768451
0.012342812767076368      632.0459556925946
0.0125396333085378        632.4874581793691
0.012736771215691979      632.7670388079496
0.012933007030171178      633.0465528306098
0.013128639138602195      633.3260002473497
0.013323968694306592      633.6053810581695
0.013519298250011432      633.884695263069
0.013714930358443784      634.1639428620484
0.0139111661729252        634.4431238551075
0.014108304080082462      634.7222382422464
0.014305241249097643      634.7190806852857
0.014501279037039759      634.718185460834
0.014696714938233999      634.7195525688911
0.014891849199866372      634.7231820094573
0.015086983461498874      634.7290737825325
0.015282419362693495      634.7372278881165
0.01547845715063625       634.7476443262095
0.015675394319652317      634.7603230968115
0.015872325504405583      634.4040235282173
0.01606835738884011       634.0511180850591
0.016263787440706973      633.701606767337
0.016458915880206496      633.355489575051
0.016654044319705866      633.0127665082011
0.016849474371572262      632.6734375667874
0.017045506256006017      632.3375027508096
0.017242437440758204      632.0049620602679
0.01743957168037589       631.4532965313368
0.017635803876907424      630.8929420830731
0.01783143240066149       630.3238987154765
0.018026758388388308      629.7461664285471
0.01822208437611492       629.1597452222849
0.01841771289986836       628.5646350966898
0.018613945096398854      627.960836051762
0.018811079336015085      627.3483480875014
0.019007894687321662      626.6912744896797
0.01920381230049143       626.0375127161307
0.019399129129200405      625.3870627668546
0.01959414487161704       624.7399246418512
0.01978916061403359       624.0960983411206
0.01998447744274231       623.455583864663
0.020180395055911654      622.8183812124782
0.020377210407217645      622.1844903845662
0.020574360469106157      621.6046818571853
0.020770608273960874      621.0467436007646
0.020966252262493188      620.5106756153042
0.021161593642948652      619.996477900804
0.021356935023404883      619.5041504572641
0.021552579011939476      619.0336932846844
0.021748826816797996      618.585106383065
0.021945976878691802      618.1583897524058
0.022142917141692885      617.8234177054277
0.022338957981867254      617.531855322354
0.022534396907280062      617.2837026031847
0.02272953417907009       617.0789595479199
0.02292467145086023       616.9176261565595
0.02312011037627338       616.7997024291035
0.02331615121644832       616.7251883655521
0.023513091479450195      616.694083965905
0.023710025135207962      616.6305201034797
0.02390605945730262       616.615018098684
0.024101491924457957      616.647577951518
0.024296622768016963      616.7281996619815
0.024491753611575823      616.8568832300747
0.02468718607873073       617.0336286557975
0.024883220400824673      617.2584359391499
0.025080154056581445      617.5313050801319
0.025277299572591536      617.9025841737212
0.025473542893039384      618.2962468353435
0.02566918243840792       618.7122930649988
0.025864519396400307      619.1507228626872
0.026059856354392216      619.6115362284086
0.026255495899759323      620.0947331621629
0.026451739220204794      620.6003136639504
0.026648884736211575      621.1282777337708
0.02684569473774919       621.6969749001822
0.027041607073256636      622.2720096624332
0.027236918672681274      622.8533820205238
0.027431929210095855      623.4410919744538
0.027626939747510428      624.0351395242233
0.027822251346935042      624.6355246698324
0.028018163682442445      625.242247411281
0.028214973683980002      625.8553077485692
0.028412120943583204      626.4318058430327
0.028608365984047285      626.9984770562727
0.02880400723361381       627.555321388289
0.02899934588786498       628.1023388390818
0.02919468454211669       628.639529408651
0.029390325791684838      629.1668930969967
0.02958657083215161       629.6844299041187
0.029783718091758563      630.1921398300173
0.029980652759780888      630.5261414434758
0.030176688080480362      630.8590929182676
0.030372121537075924      631.1909942543924
0.03056725336547531       631.5218454518506
0.030762385193874833      631.8516465106419
0.030957818650470807      632.1803974307663
0.031153853971170976      632.5080982122239
0.031350788639194264      632.8347488550146
