% Model:              brazing.mph
% Version:            COMSOL 5.3.0.223
% Date:               Oct 20 2018, 01:09
% Dimension:          1
% Nodes:              225
% Expressions:        1
% Description:        Line graph
% x                       Height
0                         661.2431619925543
2.02242572596226E-4       661.2332581865325
4.040113375593453E-4      661.1626359967536
6.054635867748898E-4      661.0312954232176
8.067573541103817E-4      660.8392364659245
0.0010080510467017985     660.5864591248743
0.001209503071861434      660.272963400067
0.0014112714639836859     659.8987492915027
0.001613513515825394      659.4638167991812
0.001815803045808458      659.0653882819856
0.0020176184164428694     658.622203381332
0.0022191170764546647     658.1342620972206
0.0024204572175778446     657.6015644296513
0.00262179740518867       657.024110378624
0.002823296204553664      656.4018999441388
0.0030251118070788686     655.7349331261958
0.003227401660948015      655.0232099247947
0.0034297372965816655     654.3286263654749
0.003631598594156443      653.5989053029722
0.0038331430353414214     652.8340467372869
0.004034528845142556      652.0340506684192
0.004235914622467191      651.1989170963687
0.004437458966299354      650.3286460211358
0.004639320101874085      649.42323744272
0.004841655511239337      648.4826913611219
0.005043918276497792      647.6123232069258
0.005245706959792293      646.7310040258789
0.0054471789681153834     645.838733817981
0.00564849245128538       644.9355125832325
0.005849805932728159      644.0213403216331
0.006051277935873691      643.0962170331829
0.00625306661055245       642.1601427178819
0.006455329363777148      641.21311737573
0.0066576887471433525     640.2946237943014
0.0068595736811967985     639.3942123286625
0.007061141707903535      638.5118829788136
0.007262551112883539      637.6476357447543
0.007463960555734714      636.8014706264848
0.007665528695965537      635.9733876240052
0.00786741381892875       635.1633867373154
0.0080697734661485        634.3714679664154
0.008272395437950266      633.6537147745709
0.008474540847339949      632.959882842199
0.008676367906616744      632.2899721692997
0.008878035577337231      631.6439827558731
0.009079703197965442      631.0219146019191
0.009281530107084053      630.4237677074377
0.00948367526660416       629.8495420724289
0.009686296889411194      629.2992376968928
0.009888748367913874      628.93464119227
0.010090724718905934      628.6085148640659
0.010292383720552634      628.3208587122806
0.010493883896490891      628.0716727369141
0.010695384145210549      627.8609569379664
0.010897043365029401      627.6887113154377
0.011099020079070253      627.5549358693276
0.011301472064648224      627.4596305996364
0.011503924099142101      627.4608103680496
0.011705900863193036      627.5015012047446
0.011907560133099505      627.5817031097212
0.012109060430962503      627.7014160829794
0.012310560654077738      627.8606401245195
0.012512219699917606      628.0593752343411
0.012714196091111104      628.2976214124445
0.012916647604829811      628.5753786588295
0.013119269382981878      628.9906361228856
0.013321414683399362      629.4373293346201
0.013523241722808088      629.9154582940334
0.013724909467002238      630.4250230011252
0.013926577258472442      630.9660234558955
0.014128404439597363      631.5384596583446
0.014330549975836581      632.1423316084721
0.01453317208336263       632.7776393062784
0.014735531766219815      633.4773203618005
0.014937416940401616      634.1903003650743
0.015138985143475461      634.9165793161
0.015340394656791169      635.6561572148775
0.015541804135826716      636.4090340614067
0.015743372236141022      637.1752098556877
0.015945257239325793      637.9546845977205
0.01614761668334845       638.7474582875052
0.01634987940592303       639.6416346428197
0.016551668047823844      640.5241536604234
0.016753140015983766      641.3950153403163
0.0169544534601584        642.2542196824984
0.017155766903708087      643.1017666869698
0.017357238869994664      643.9376563537304
0.017559027508778132      644.7618886827802
0.01776129022699866       645.5744636741193
0.017963625484858744      646.4130529889193
0.018165486461237414      647.2275187983065
0.018367030641941378      648.0178611022814
0.018568416255992027      648.7840799008435
0.018769801906169285      649.526175193993
0.018971346195167795      650.2441469817298
0.019173207351754082      650.9379952640542
0.019375542861313405      651.607720040966
0.019577832661189145      652.2931939852062
0.019779648217873542      652.9292188723247
0.019981146975907166      653.5157947023209
0.020182487123025287      654.0529214751954
0.020383827220813066      654.5405991909478
0.020585325830972126      654.9788278495782
0.020787141141585735      655.3676074510868
0.020989430597769934      655.7069379954733
0.021191672662378012      656.1333326675806
0.021393441061935803      656.4990280637552
0.02159489309031221       656.8040241839968
0.021796186783028852      657.048321028306
0.021997480548535182      657.2319185966824
0.022198932795108938      657.3548168891258
0.022400701557758636      657.4170159056366
0.02260294412950465       657.4185156462146
0.02280539620920995       657.4612655791738
0.023007373018156245      657.4409877965685
0.02320903233274668       657.3576822983983
0.023410532675187733      657.2113490846638
0.023612032942881025      657.0019881553645
0.023813692033404853      656.7295995105006
0.024015668469493705      656.3941831500723
0.024218120028423832      655.9957390740792
0.024420742013481003      655.6088308860924
0.02462288751935683       655.1702764205625
0.02482471476325633       654.6800756774896
0.02502638271145666       654.1382286568739
0.025228050706933344      653.5447353587151
0.025429878092549915      652.8995957830134
0.025632023834248962      652.2028099297687
0.025834646148682177      651.4543777989811
0.026037006051731277      650.6990403162378
0.026238891444565628      649.9051392085349
0.02644045986526205       649.0726744758725
0.026641869595683754      648.2016461182507
0.02684327929182417       647.2920541356693
0.027044847609757647      646.3438985281284
0.02724673283158932       645.3571792956279
0.027449092495796006      644.331896438168
0.02765135518998453       643.3254840203394
0.027853143803698084      642.3113652572464
0.028054615743803996      641.2895401488886
0.028255929159991804      640.2600086952662
0.028457242575555555      639.2227708963792
0.028658714513790734      638.1778267522276
0.028860503124391312      637.1251762628114
0.029062765814231884      636.0648194281305
0.029265100752448706      635.0103096091588
0.02946696141141544       633.9809638745918
0.029668505276199596      632.9767822244298
0.029869890575077548      631.9977646586728
0.03007127591008127       631.0439111773208
0.030272819883157453      630.1152217803735
0.03047468072232762       629.2116964678313
0.030677015912237836      628.333335239694
0.030879305594778746      627.5251981352492
0.03108112103494649       626.7549874102516
0.031282619677010744      626.0227030647012
0.03148395970843373       625.328345098598
0.0316852996905265        624.671913511942
0.031886798184716555      624.0534083047331
0.032088613378814135      623.4728294769714
0.03229090271766436       622.9301770286569
0.03249314477533616       622.5558594176989
0.03269491316800606       622.2358793317884
0.03289636518952694       621.9702367709253
0.03309765887540427       621.7589317351097
0.033298952634071295      621.6019642243415
0.033500404873789524      621.4993342386208
0.03370217362955133       621.4510417779476
0.03390441619436107       621.4570868423218
0.03410686840969767       621.5618648538732
0.03430884535332711       621.7212239221187
0.0345105048019665        621.935164047058
0.034712005278138794      622.2036852286915
0.03491350567956333       622.5267874670188
0.03511516490413611       622.9044707620402
0.035317141474908095      623.3367351137556
0.03551959316946952       623.823580522165
0.035722216260139425      624.4423541829905
0.03592436286389621       625.1029055094734
0.036126191200505704      625.8052345016139
0.03632786023882611       626.5493411594117
0.03652952932442421       627.335225482867
0.036731357802754806      628.1628874719797
0.03693350464234149       629.03232712675
0.03713612806239678       629.9435444471776
0.03733848789969145       630.9122704104257
0.037540373227224554      631.901614616688
0.03774194158292153       632.9115770659649
0.03794335124849304       633.9421577582561
0.03814476087977932       634.9933566935619
0.03834632913270157       636.0651738718818
0.03854821428921239       637.1576092932164
0.038750573887637245      638.2706629575654
0.03895283596123875       639.4411178409898
0.039154623958694366      640.5991388659771
0.039356095285438375      641.7447260325276
0.03955740808971597       642.8778793406411
0.03975872089337115       643.9985987903177
0.03996019221824938       645.106884381557
0.04016198021260023       646.2027361143598
0.04036424228186526       647.2861539887253
0.040566577948397485      648.3559406466666
0.040768439330593605      649.3914843034755
0.04096998391520435       650.3927849591522
0.04117136993220262       651.3598426136969
0.04137275598532357       652.2926572671092
0.04157430067821714       653.1912289193893
0.04177616224060133       654.0555575705373
0.0419784981588055        654.8856432205529
0.04218078754816035       655.6956030416802
0.04238260269718259       656.4453540549657
0.04258410104946696       657.1348962604095
0.04278544079179545       657.7642296580116
0.04298678048479618       658.3333542477719
0.043188278689213704      658.8422700296906
0.043390093592177985      659.2909770037674
0.04359238263785921       659.6794751700024
0.043794623705544454      660.1066431871176
0.04399639111513442       660.4676091572909
0.04419784215819482       660.7623730805226
0.04439913486792596       660.9909349568125
0.044600427650446826      661.1532947861606
0.04480187891170468       661.249452568567
0.045003646684386715      661.2794083040314
0.04520588825921017       661.2431619925543
