% Model:              brazing.mph
% Version:            COMSOL 5.3.0.223
% Date:               Oct 23 2018, 11:09
% Dimension:          1
% Nodes:              145
% Expressions:        1
% Description:        Line graph
% x                       Height
0                         637.5849516738158
1.8037553861809572E-4     637.8402913454653
3.5951128344368776E-4     638.0427595614218
5.377561773732229E-4      638.1923563216859
7.154644111300318E-4      638.2890816262571
8.929933875627798E-4      638.3329354751357
0.0010707015910786408     638.3239178683216
0.0012489464247083767     638.2620288058148
0.0014280820795340731     638.1472682876152
0.0016084574989771061     637.979636313723
0.0017793134314883058     637.9129893200472
0.0019491114898538484     637.821934617853
0.002118149876008701      637.7064722071406
0.0022867308232763497     637.5666020879098
0.002455159027530182      637.4023242601608
0.0026237400128558564     637.2136387238933
0.0027927784749207734     637.0005454791075
0.0029625766466419693     636.7630445258031
0.0031334327293582195     636.5011358639806
0.0033042867504275058     636.3238264094543
0.0034740828875811486     636.1416823706545
0.0036431193341009516     635.9547037475814
0.0038116983146850476     635.7628905402349
0.003980124516686077      635.566242748615
0.004148703455848711      635.3647603727214
0.004317739819749776      635.1584434125546
0.004487535833529769      634.9472918681143
0.004658389691119368      634.7313057394006
0.0048387629974717405     634.6071609695035
0.005017896580971026      634.4886157112178
0.005196139373513023      634.3756699645437
0.0053738455543625        634.268323729481
0.005551372514551955      634.1665770060301
0.005729078726427549      634.0704297941905
0.005907321580834967      633.9798820939625
0.006086455256670912      633.8949339053459
0.006266828685292636      633.8155852283409
0.0064472042239161545     633.9594632278599
0.0066263399687470585     634.1119335769071
0.00680458486268183       634.272996275483
0.0069822930964438265     634.4426513235873
0.007159822072881748      634.62089872122
0.007337530276402798      634.8077384683811
0.007515775110037768      635.0031705650705
0.007694910764868775      635.2071950112885
0.007875286184317232      635.4198118070349
0.008046142116827224      635.6902713786973
0.008215940175191578      635.9527147368816
0.008384978561345261      636.2071418815883
0.008553559508611747      636.4535528128173
0.008721987712864422      636.6919475305683
0.008890568698188937      636.9223260348416
0.00905960716025268       637.144688325637
0.009229405331972688      637.3590344029546
0.009400261414687729      637.5653642667944
0.009571115435747398      637.8824349852862
0.009740911572891598      638.1701185561369
0.009909948019402086      638.4284149793468
0.010078526999976944      638.6573242549159
0.010246953201968763      638.8568463828441
0.010415532141122159      639.0269813631314
0.010584568505013912      639.1677291957778
0.010754364518784467      639.2790898807832
0.010925218376364454      639.361063418148
0.011105591682722255      639.5208845291336
0.01128472526622686       639.635081264695
0.011462968058774099      639.7036536248329
0.011640674239628768      639.7266016095468
0.011818201199823401      639.7039252188368
0.01199590741170419       639.6356244527029
0.012174150266116847      639.5216993111451
0.012353283941958112      639.3621497941633
0.012533657370585264      639.1569759017578
0.01271403176453574       639.1142540084892
0.012893166387683227      639.0182891569948
0.013071410176518557      638.8690813472751
0.013249117315197753      638.6666305793301
0.013426645199902413      638.4109368531595
0.013604352308338922      638.1020001687634
0.01378259603687098       637.7398205261418
0.013961730570013379      637.3243979252949
0.014142104844781908      636.8557323662224
0.014312959944399205      636.4557889161309
0.014482757184992078      636.0320973659858
0.014651794764271453      635.5846577157872
0.014820374911240972      635.1134699655353
0.014988802317395246      634.6185341152296
0.01515738250242126       634.0998501648704
0.015326420157607648      633.5574181144577
0.015496217511551624      632.9912379639914
0.015667072761367945      632.4013097134716
0.01583792791479403       631.8856414721259
0.016007725163749622      631.3780217361899
0.01617676270725794       630.8784505056641
0.01634534277588875       630.3869277805483
0.016513770062946447      629.9034535608423
0.01668235009015449       629.4280278465463
0.016851387551041475      628.9606506376604
0.017021184676619543      628.5013219341841
0.017192039666560827      628.0500417361183
0.017372413817338207      627.6752169470598
0.017551548228302124      627.3269097873695
0.017729791836073705      627.0051202570476
0.017907498824762332      626.7098483560941
0.018085026590318725      626.4410940845088
0.018262733610032132      626.1988574422917
0.018440977279666457      625.9831384294429
0.018620111782963036      625.7939370459624
0.018800486056004474      625.63125329185
0.018980860449944497      625.7134433427918
0.019159995073081745      625.8274835256926
0.019338238861906984      625.973373840553
0.01951594600057618       626.1511142873728
0.019693473885270874      626.3607048661518
0.019871180993697383      626.6021455768902
0.020049424722219357      626.8754364195879
0.02022855925535152       627.1805773942449
0.0204089335301096        627.5175685008613
0.02057978862980686       627.9150795501141
0.020749585870478253      628.3161146169549
0.020918623449835097      628.720673701384
0.021087203596881453      629.1287568034013
0.021255631003112355      629.5403639230066
0.021424211188215206      629.9554950602002
0.021593248843479067      630.3741502149818
0.021763046197501558      630.7963293873516
0.02193390144739785       631.2220325773096
0.022104756600747556      631.785576351971
0.02227455384962815       632.3239853530823
0.02244359139306247       632.8372595806438
0.022612171461619885      633.3253990346553
0.022780598748604386      633.7884037151167
0.022949178775739036      634.2262736220283
0.02311821623655202       634.6390087553898
0.023288013362055097      635.0266091152012
0.023458868351919994      635.3890747014627
0.02363924250270423       635.8174231898132
0.023818376913674867      636.1996811386413
0.023996620521453065      636.5358485479474
0.02417432751014825       636.8259254177311
0.02435185527571118       637.0699117479925
0.024529562295431146      637.2678075387317
0.02470780596507209       637.4196127899486
0.024886940468375387      637.5253275016433
0.025067314741423676      637.5849516738158
