% Model:              brazing.mph
% Version:            COMSOL 5.3.0.223
% Date:               Oct 23 2018, 10:33
% Dimension:          1
% Nodes:              161
% Expressions:        1
% Description:        Line graph
% x                       Height
0                         600.6253522897683
1.9693985890610136E-4     600.5894208694658
3.9298030043864816E-4     600.5650613806182
5.884188308682271E-4      600.5522738232253
7.835557095112735E-4      600.5510581972874
9.786925881542028E-4      600.5614145028043
0.0011741311185834375     600.583342739776
0.0013701715601154056     600.6168429082026
0.0015671114190207022     600.661915008084
0.0017642608961497635     600.4251576968044
0.0019605081241513326     600.1846219651494
0.0021561515411346144     599.9403078131191
0.002351492352702621      599.6922152407136
0.0025468331642698894     599.4403442479328
0.0027424765812509564     599.1846948347766
0.0029387238092488436     598.9252670012452
0.0031358732863727766     598.6620607473385
0.0033326885608882563     598.2980423638091
0.0035286060983021257     597.9386531786965
0.0037239228519497995     597.5838931920009
0.003918938519653848      597.2337624037219
0.004113954187357973      596.8882608138598
0.004309270941005876      596.5473884224144
0.004505188478420127      596.2111452293858
0.004702003752936137      595.879531234774
0.004899138702461749      595.5362297518658
0.005095371599302965      595.2090852165808
0.005291000816927052      594.8980976289191
0.005486327495291825      594.6032669888806
0.005681654173656831      594.3245932964653
0.0058772833912816074     594.0620765516734
0.0060735162881239745     593.8157167545047
0.006270651237651189      593.5855139049593
0.006467582778148322      593.4113382234768
0.006663615013526554      593.2697544143489
0.006859045413116663      593.1607624775754
0.0070541741987231454     593.0843624131567
0.007249302984329781      593.0405542210924
0.007444733383920351      593.0293379013827
0.007640765619299351      593.0507134540276
0.007837697159797551      593.104680879027
0.008034634474091872      593.1002933373585
0.008230672405352359      593.1326748827425
0.008426108448549354      593.2018255151789
0.008621242851524007      593.3077452346677
0.008816377254498534      593.4504340412087
0.009011813297695145      593.6298919348022
0.009207851228955002      593.8461189154482
0.00940478854324844       594.0991149831465
0.00960192671152544       594.4131505006028
0.00979816278359587       594.7417622173734
0.009993795147248338      595.0849501334583
0.010189124956984269      595.4427142488573
0.010384454766719743      595.8150545635706
0.010580087130370853      596.2019710775982
0.010776323202439026      596.6034637909398
0.01097346137071288       597.0195327035958
0.011170281912174305      597.3922497536433
0.011366204645540166      597.7745565034111
0.011561526547508357      598.1664529528992
0.011756547339625332      598.5679391021074
0.011951568131742307      598.9790149510359
0.0121468900337105        599.3996804996846
0.012342812767076368      599.8299357480535
0.0125396333085378        600.2697806961426
0.012736771215691979      600.556602349067
0.012933007030171178      600.8417447402463
0.013128639138602195      601.1252078696798
0.013323968694306592      601.406991737368
0.013519298250011432      601.6870963433107
0.013714930358443784      601.9655216875079
0.0139111661729252        602.2422677699597
0.014108304080082462      602.5173345906659
0.014305241249097643      602.5113208863085
0.014501279037039759      602.508925702897
0.014696714938233999      602.5101490404317
0.014891849199866372      602.5149908989124
0.015086983461498874      602.5234512783392
0.015282419362693495      602.535530178712
0.01547845715063625       602.5512276000308
0.015675394319652317      602.5705435422957
0.015872325504405583      602.1978109943835
0.01606835738884011       601.8307196541606
0.016263787440706973      601.4692695216269
0.016458915880206496      601.1134605967823
0.016654044319705866      600.7632928796269
0.016849474371572262      600.4187663701606
0.017045506256006017      600.0798810683835
0.017242437440758204      599.7466369742956
0.01743957168037589       599.1883419136852
0.017635803876907424      598.6204852955859
0.01783143240066149       598.0430671199974
0.018026758388388308      597.45608738692
0.01822208437611492       596.8595460963535
0.01841771289986836       596.2534432482977
0.018613945096398854      595.6377788427529
0.018811079336015085      595.0125528797191
0.019007894687321662      594.3525001254947
0.01920381230049143       593.6943259510886
0.019399129129200405      593.038030356501
0.01959414487161704       592.3836133417323
0.01978916061403359       591.731074906782
0.01998447744274231       591.0804150516502
0.020180395055911654      590.4316337763372
0.020377210407217645      589.7847310808426
0.020574360469106157      589.2044757354039
0.020770608273960874      588.6446813801615
0.020966252262493188      588.1053480151153
0.021161593642948652      587.5864756402653
0.021356935023404883      587.0880642556116
0.021552579011939476      586.6101138611541
0.021748826816797996      586.1526244568928
0.021945976878691802      585.7155960428278
0.022142917141692885      585.3838087554243
0.022338957981867254      585.0951863545184
0.022534396907280062      584.8497288401105
0.02272953417907009       584.6474362122002
0.02292467145086023       584.4883084707877
0.02312011037627338       584.3723456158729
0.02331615121644832       584.2995476474558
0.023513091479450195      584.2699145655365
0.023710025135207962      584.200603316533
0.02390605945730262       584.1798142950129
0.024101491924457957      584.2075475009761
0.024296622768016963      584.2838029344227
0.024491753611575823      584.4085805953526
0.02468718607873073       584.5818804837659
0.024883220400824673      584.8037025996624
0.025080154056581445      585.0740469430424
0.025277299572591536      585.4561521688698
0.025473542893039384      585.8591847896438
0.02566918243840792       586.2831448053641
0.025864519396400307      586.7280322160308
0.026059856354392216      587.1938470216438
0.026255495899759323      587.6805892222033
0.026451739220204794      588.188258817709
0.026648884736211575      588.7168558081611
0.02684569473774919       589.2958494044648
0.027041607073256636      589.8801636541176
0.027236918672681274      590.4697985571198
0.027431929210095855      591.0647541134712
0.027626939747510428      591.6650303231718
0.027822251346935042      592.2706271862215
0.028018163682442445      592.8815447026207
0.028214973683980002      593.4977828723689
0.028412120943583204      594.0873223553721
0.028608365984047285      594.6655711968285
0.02880400723361381       595.2325293967386
0.02899934588786498       595.7881969551022
0.02919468454211669       596.3325738719193
0.029390325791684838      596.8656601471898
0.02958657083215161       597.3874557809139
0.029783718091758563      597.8979607730914
0.029980652759780888      598.236848196977
0.030176688080480362      598.5763174824909
0.030372121537075924      598.9163686296332
0.03056725336547531       599.2570016384036
0.030762385193874833      599.5982165088024
0.030957818650470807      599.9400132408294
0.031153853971170976      600.2823918344848
0.031350788639194264      600.6253522897683
