% Model:              brazing.mph
% Version:            COMSOL 5.3.0.223
% Date:               Oct 22 2018, 15:28
% Dimension:          1
% Nodes:              161
% Expressions:        1
% Description:        Line graph
% x                       Height
0                         628.092330592822
1.9693985890610136E-4     628.0642524727733
3.9298030043864816E-4     628.0458415483548
5.884188308682271E-4      628.0370978195666
7.835557095112735E-4      628.0380212864088
9.786925881542028E-4      628.0486119488813
0.0011741311185834375     628.0688698069841
0.0013701715601154056     628.0987948607171
0.0015671114190207022     628.1383871100805
0.0017642608961497635     627.9011704204692
0.0019605081241513326     627.6610720723992
0.0021561515411346144     627.4180920658705
0.002351492352702621      627.1722304008832
0.0025468331642698894     626.9234870774374
0.0027424765812509564     626.6718620955329
0.0029387238092488436     626.4173554551697
0.0031358732863727766     626.159967156348
0.0033326885608882563     625.7940188020309
0.0035286060983021257     625.4339218356989
0.0037239228519497995     625.079676257352
0.003918938519653848      624.7312820669904
0.004113954187357973      624.388739264614
0.004309270941005876      624.0520478502225
0.004505188478420127      623.7212078238164
0.004702003752936137      623.3962191853954
0.004899138702461749      623.0506128032562
0.005095371599302965      622.7222145810043
0.005291000816927052      622.4110245186401
0.005486327495291825      622.1170426161633
0.005681654173656831      621.840268873574
0.0058772833912816074     621.5807032908721
0.0060735162881239745     621.3383458680578
0.006270651237651189      621.1131966051308
0.006467582778148322      620.9348049027262
0.006663615013526554      620.7892153173299
0.006859045413116663      620.6764278489421
0.0070541741987231454     620.5964424975629
0.007249302984329781      620.549259263192
0.007444733383920351      620.5348781458296
0.007640765619299351      620.5532991454758
0.007837697159797551      620.6045222621303
0.008034634474091872      620.6032046394326
0.008230672405352359      620.6383852045025
0.008426108448549354      620.7100639573398
0.008621242851524007      620.8182408979447
0.008816377254498534      620.9629160263174
0.009011813297695145      621.1440893424575
0.009207851228955002      621.3617608463653
0.00940478854324844       621.6159305380407
0.00960192671152544       621.9215613419938
0.00979816278359587       622.2429332383184
0.009993795147248338      622.580046227015
0.010189124956984269      622.9329003080833
0.010384454766719743      623.3014954815234
0.010580087130370853      623.6858317473352
0.010776323202439026      624.0859091055189
0.01097346137071288       624.5017275560742
0.011170281912174305      624.8681130944063
0.011366204645540166      625.244907035639
0.011561526547508357      625.6321093797725
0.011756547339625332      626.0297201268066
0.011951568131742307      626.4377392767414
0.0121468900337105        626.8561668295769
0.012342812767076368      627.2850027853129
0.0125396333085378        627.7242471439498
0.012736771215691979      628.0039202008526
0.012933007030171178      628.2831579927176
0.013128639138602195      628.561960519545
0.013323968694306592      628.8403277813345
0.013519298250011432      629.1182597780863
0.013714930358443784      629.3957565098002
0.0139111661729252        629.6728179764764
0.014108304080082462      629.9494441781148
0.014305241249097643      629.9446074679558
0.014501279037039759      629.9424718713569
0.014696714938233999      629.9430373883181
0.014891849199866372      629.9463040188392
0.015086983461498874      629.9522717629203
0.015282419362693495      629.9609406205616
0.01547845715063625       629.9723105917627
0.015675394319652317      629.9863816765239
0.015872325504405583      629.62592796128
0.01606835738884011       629.2695399944316
0.016263787440706973      628.9172177759787
0.016458915880206496      628.5689613059214
0.016654044319705866      628.2247705842598
0.016849474371572262      627.8846456109936
0.017045506256006017      627.5485863861231
0.017242437440758204      627.2165929096482
0.01743957168037589       626.6636557409455
0.017635803876907424      626.1017877560432
0.01783143240066149       625.5309889549412
0.018026758388388308      624.9512593376395
0.01822208437611492       624.362598904138
0.01841771289986836       623.765007654437
0.018613945096398854      623.1584855885361
0.018811079336015085      622.5430327064356
0.019007894687321662      621.8851524576387
0.01920381230049143       621.2301686309087
0.019399129129200405      620.5780812262454
0.01959414487161704       619.928890243649
0.01978916061403359       619.2825956831194
0.01998447744274231       618.6391975446568
0.020180395055911654      617.9986958282609
0.020377210407217645      617.3610905339319
0.020574360469106157      616.7811541232549
0.020770608273960874      616.2227036889028
0.020966252262493188      615.6857392308755
0.021161593642948652      615.1702607491732
0.021356935023404883      614.6762682437957
0.021552579011939476      614.2037617147429
0.021748826816797996      613.7527411620151
0.021945976878691802      613.3232065856122
0.022142917141692885      612.989315343066
0.022338957981867254      612.6987950335533
0.022534396907280062      612.4516456570743
0.02272953417907009       612.247867213629
0.02292467145086023       612.0874597032173
0.02312011037627338       611.970423125839
0.02331615121644832       611.8967574814945
0.023513091479450195      611.8664627701836
0.023710025135207962      611.8019504870026
0.02390605945730262       611.7857049696433
0.024101491924457957      611.8177262181056
0.024296622768016963      611.8980142323895
0.024491753611575823      612.0265690124951
0.02468718607873073       612.2033905584224
0.024883220400824673      612.4284788701711
0.025080154056581445      612.7018339477416
0.025277299572591536      613.0771890944955
0.025473542893039384      613.4745477702927
0.02566918243840792       613.8939099751326
0.025864519396400307      614.3352757090158
0.026059856354392216      614.798644971942
0.026255495899759323      615.2840177639113
0.026451739220204794      615.7913940849237
0.026648884736211575      616.3207739349791
0.02684569473774919       616.8937142302531
0.027041607073256636      617.4726244177916
0.027236918672681274      618.0575044975949
0.027431929210095855      618.6483544696628
0.027626939747510428      619.2451743339954
0.027822251346935042      619.8479640905924
0.028018163682442445      620.4567237394543
0.028214973683980002      621.0714532805807
0.028412120943583204      621.6520088461334
0.028608365984047285      622.2222662537653
0.02880400723361381       622.7822255034761
0.02899934588786498       623.331886595266
0.02919468454211669       623.871249529135
0.029390325791684838      624.400314305083
0.02958657083215161       624.9190809231101
0.029783718091758563      625.4275493832162
0.029980652759780888      625.7626127246381
0.030176688080480362      626.0971144402824
0.030372121537075924      626.4310545301494
0.03056725336547531       626.7644329942389
0.030762385193874833      627.0972498325508
0.030957818650470807      627.4295050450854
0.031153853971170976      627.7611986318425
0.031350788639194264      628.092330592822
